[mails.jpg]
filters=finetune2=1,0.473684,0.294737,0.480000,00000000,0.000000;enhance=1;finetune2=1,0.000000,0.000000,0.480000,00000000,-0.029240;finetune2=1,0.000000,0.000000,0.480000,00000000,0.000000;
moddate=2dc6bff5312dd601
width=515
height=512
textactive=0
